126.94069175929403
126.80229293675185
127.01784589496704
126.8496634
127.165506102561
127.007758641528
127.007758641528
127.0294309
127.104586260884
126.8678212888
127.23249863940586
126.91416237338858
126.80286551968986
126.875048916005
127.452795026044
127.04834345244046
127.074727437813
127.0455000
127.04638152553527
127.04638152553527
127.039857037108
127.04638152553527
126.936591730332
127.127149746638
127.127990460878
126.9018193
126.90785
127.0530415
126.903898972696
126.90934194849808
126.916023049012
127.03491197015
126.80337781551678
127.142637507507
127.1115075
127.099538
127.037782319972
126.90293825104
126.903547268881
126.893483967446
126.942775526861
127.057328002718
126.848735091943
127.01567915528817
127.033899090338
126.970526590861
126.7751907
127.09220606777
127.08030870943
127.019046713623
126.911846765697
127.000158551113
127.073024865801
127.070315460184
127.113077018695
127.04638152553527
127.04638152553527
127.04638152553527
127.039888
127.06429132978937
127.085549163836
126.909711106146
126.880375255465
127.032826907596
126.959097047391
127.05871495836
127.012964753831
127.092518230166
127.00465504059
126.941447453578
127.07314063127907
127.1310999
126.862794274085
127.1351938
127.02794524824769
127.0526508
127.1310999
126.94026158444098
126.820343344967
127.1310999
126.826561288965
126.892227055397
126.892227055397
127.1549566
127.029636957017
127.107600031639
127.110927336635
127.109346052901
127.118262745146
127.110927336635
127.13359466497593
127.117317140403
127.0813541
127.165218839806
126.888755418163
126.877351017198
126.882661758356
126.8457373
126.8548673
126.851714642996
126.85627943180796
126.854475055172
126.8635341506944
126.861765167736
126.864240396971
126.862456985557
126.864240396971
126.878896759827
126.86493266948746
126.8447099
126.8635341506944
126.860110738201
127.045182867932
126.9197232
127.12994454291355
127.0045786211564
127.0045786211564
126.86573588470833
127.114760741021
126.871085796754
126.9189564
126.985036708133
127.039152029523
127.04640751797348
127.067070541137
127.047377408384
127.0413109462156
127.02902139631435
127.067309479604
127.00476118110912
127.04640751797348
127.04640751797348
127.047062019944
126.927075
127.02800140627488
127.067309479604
127.02861907401372
127.119268286115
127.11868181386069
127.11631840619
127.12766841624
127.071124000994
127.12688982770433
127.16067163026
127.165303573201
127.122812805277
127.14118014203885
127.126378419628
127.123792501253
127.12044373032
127.161256564939
127.12159998872174
127.125614688949
127.13539940825837
127.131400974946
127.12622646496604
126.84819648443556
127.0095690
127.01784589496704
127.01784589496704
127.02733870040592
127.00902108350806
127.03722342402956
127.03874277374506
127.025538071854
127.013288149981
126.816776054616
126.829520203908
126.829520203908
126.843639276562
126.862316217395
126.849533759513
126.859664509893
126.859664509893
126.849533759513
126.82077657908539
126.82077657908539
126.84051669137811
126.86027143361903
126.829520203908
126.8325118390202
126.82200381922749
126.81312520288417
126.839389616648
126.83405553664369
127.170952970691
127.165506102561
127.170952970691
127.170430682907
127.1652631
127.15948013027385
126.488052
126.615237722404
126.615237722404
127.0429873
127.130856259436
127.13507959838425
126.846565800045
126.83757472193004
126.856494327255
126.858715959622
127.028306406546
127.0257772
127.02948568898
127.070307276431
127.070307276431
127.040009752607
127.058559720098
127.079473502143
126.80616918849312
126.803594683077
126.806814314979
126.804538269298
126.891706119311
126.893771230647
126.891706119311
127.03961976216559
127.150978953611
127.139522052036
127.139522052036
127.143773841911
127.07741635877292
127.06920291650829
126.94977549248303
127.0683718
127.07385406681455
126.96735326707355
127.097352043268
126.838474523164
127.056164102647
127.057026004229
126.962122732909
126.96449207476172
127.550802
127.065508019834
127.001822400562
127.03913636936471
126.981608921875
126.97689786832184
126.973691352767
127.0391869
126.916291546705
126.918859660504
126.892920281305
126.8139094
126.77760146995932
126.7758805
126.78889537295
127.12351057853144
126.96756106914329
126.969630614828
127.05285401582
126.848187630714
126.8847398636146
127.02666361240254
127.032820283549
127.14683461805
127.15661200469705
127.164992543126
127.1515382
127.138273825395
127.138273825395
127.17552532997468
127.1731810312974
127.17552532997468
127.15416500963447
127.160883780116
127.1665033
127.03231892661324
127.03630828564728
127.03641950459637
127.03725095663398
127.0058468
127.0058468
126.8321775
126.8321775
126.8321775
126.86810492508899
126.860072961418
126.870197072304
126.8520594675
126.871085796754
126.838321141112
126.8899193
126.962301650028
126.951564700548
127.070726365266
127.078706040469
127.073033585328
127.081449869038
127.05535065988809
127.048481694519
126.84467123977865
126.8033995394336
126.858623297197
127.01389825362084
126.82741351226227
126.947150744081
126.951062346192
126.88292727312
126.951561853867
126.95309002288037
126.933145732591
126.92412069161948
127.09320559948202
127.0681600657394
127.09139022182696
127.121846975452
127.119321370969
127.0681600657394
126.86573588470833
126.849982633355
126.8678212888
126.846692533975
126.84519235792209
126.859515949504
126.87884356633005
126.86464781515998
126.884803975489
126.884803975489
126.879288525121
126.86834016236
127.158339850493
127.022371213557
127.058270608867
127.058270608867
127.058270608867
127.05587747162315
127.055221195736
127.053944074996
126.97691639601517
127.104335794024
127.114523501309
127.124363037854
127.08378909469191
127.082385189458
127.11060915357692
127.107681962346
126.848947446786
126.976861018866
126.93202965599583
127.007180557492
127.00999666591
127.007180557492
127.013867969161
127.01509536476111
127.103989595829
127.038665375915
127.038665375915
127.032794775773
127.119268286115
126.96177296317781
126.951386308601
126.870242623971
126.87608007420836
126.87608007420836
126.874729501702
126.878757920928
126.890224925815
126.82541340864
126.887505314509
126.890224925815
126.888830903406
126.901473080039
126.882541453696
126.8847398636146
126.88932582970455
126.86521245886081
126.882925203029
126.88230806229326
126.90395838768
127.064737120617
127.051011185902
127.05167805602
127.065113379103
127.10274196113546
127.141634605006
127.13205042833934
127.131943452236
127.11541557001
126.923581111978
126.923581111978
126.911628689718
126.91725947715172
126.931905865663
126.852288177516
127.03923994392
127.085311816265
127.08877598598895
127.086180837795
126.872361932209
126.918852820009
126.91673356368
126.918852820009
127.03028620611877
126.8074287729098
127.007655529176
127.007655529176
127.007655529176
127.014304764414
127.014304764414
126.82741351226227
127.04391992943849
127.01058220054608
127.012195766871
126.999569956338
126.98020301886912
127.00568219886239
126.97840898031565
126.996969239236
126.979577775166
126.979577775166
126.943718507916
127.051331051249
127.048710996905
127.039863288955
126.88923049666259
126.91416237338858
127.05292730445794
127.07202573703378
127.0795106156054
126.955965300766
127.14288387331297
126.828100364657
126.82912075178
127.097925962063
126.923401298373
126.888816503943
127.02271403358449
127.089922603405
126.892828210117
126.890713888198
126.8999993716
126.88520384569
126.892828210117
126.895456780022
126.893608614581
126.895456780022
126.89850849049158
126.90825547459004
127.018979980003
127.021358418946
127.025733072624
127.01582916945283
126.9517277743435
126.91695391788363
126.917547274061
127.0428982070538
126.937535131583
126.91673356368
126.937535131583
127.090932281271
127.150047815375
127.138561467798
127.15541883551022
127.140021295948
127.024530232973
127.022059701401
127.02506019737066
126.929586616382
126.548842630062
126.80286551968986
126.80286551968986
126.901943496193
126.9615540
127.113494608531
126.96107610652074
126.955677012972
126.963523905001
126.959909894913
126.963185353486
126.98809593005
127.0243123517057
126.92568797843703
126.918087928677
126.914511428493
126.915307483804
126.922130663311
126.874230248237
126.891708760926
126.88740136782069
126.880974605834
126.880974605834
126.875607758973
126.91422098188998
126.921275864121
126.88741505160269
127.135189247836
126.975313124237
126.98175414832635
126.9776267740439
126.86543393463299
126.8253988
126.93536649483778
126.905634657805
127.015553408181
126.997474197254
126.996319860266
127.003811670608
126.985682337757
126.99443158318867
126.989316855952
126.98820799353979
126.97091020065321
126.975812876685
127.08136978678252
127.08136978678252
126.972616949857
126.97133096608212
126.992136932933
127.1793435
127.075329957882
126.993600180589
127.20203699396505
126.93599858704168
126.93800333988018
126.953136060841
126.94019653686
126.940893179777
127.071404832413
127.05086723597
127.0628665469612
127.07068521303695
127.066325758306
127.056430475217
127.057551142852
127.080305462078
127.0628665469612
127.07112890609659
127.063449137455
127.08114196996044
127.093983547372
127.059580986248
127.071127600932
127.0648484
127.03928090816069
126.935828008217
126.99556540411452
126.9865496751
127.055766700002
127.050800114032
127.05138201885734
127.05138201885734
127.049203626714
127.063380403393
127.024794093373
127.03476175558748
127.02165424259898
127.1445826
127.1201721
127.05174378508693
127.00432032924516
127.0570492984716
127.07833429050628
127.100134014101
127.01202382461992
126.89195050532453
127.05300962376423
127.06333292569907
127.057451139754
127.054746926902
127.05256127651293
127.079066619316
127.075695234708
126.927935910597
126.902611795523
126.905679138664
126.90775453441954
126.920688372438
126.6457802
127.068629450209
127.06127748481
127.065026435531
127.02483325262
127.023692382354
126.857604942923
126.897474301275
126.897767171282
126.90136784963346
126.906312362101
126.909302209213
126.995766688424
126.917738285979
127.0739528
126.894931036051
126.9008591928794
127.148800975886
127.0790106835936
127.073070274916
127.073070274916
126.92649449142719
126.841823347652
127.086267201219
127.087353806198
127.0513671
127.3848386
127.074790580904
127.075385014485
127.0786322397008
127.067143511099
127.078277681932
127.07952812085006
127.058632600444
127.063203409529
127.0691386828015
127.047420035224
127.06203828707702
127.005
127.103748081931
126.94189195088289
126.942473188734
127.032794775773
127.20000904737259
127.01639455013195
127.207685290828
126.973790543874
126.904048877495
126.832188086805
127.056859937439
127.03896912922
127.03896912922
127.05009042856
127.05623975493597
127.05549883514037
126.989698170254
127.041633026224
127.0443678
126.891016075506
126.900267225474
126.90341674142769
126.90137700645303
126.882649092584
127.05270598499145
127.01545859321786
127.04721049936
127.03567221553509
127.043999919307
127.043999919307
127.038844549549
127.04606271663916
127.045534886672
127.0350190
127.045715631147
127.038252763682
127.03528760485077
127.037032355109
127.036537546173
127.05724745183834
126.9553158164153
126.955398396095
126.959542648447
126.95791371132584
126.948944811905
126.933053652461
126.888876388186
126.892828210117
126.895087071885
126.902912759585
126.90446019435804
126.89831454506556
126.88947790336374
127.01582381142173
127.012808676341
126.99131327152529
127.0564381246322
127.080318839728
127.080318839728
127.076486970954
126.92952855247
126.926678554251
126.9177231583598
127.13205042833934
127.00090541880259
127.00302198026084
127.00302198026084
127.1206605320369
127.138347585425
127.045762797538
127.045762797538
127.039747394094
127.00761809158269
127.00900417014896
127.00900417014896
127.01116073789267
127.05239464675
126.92503820172
127.018329324051
127.016364227103
127.016364227103
127.07008647690348
127.07008647690348
127.145537548767
127.1196524
127.0757908
127.09363454732272
126.832627854327
127.109024676889
127.09418832407403
127.096050557253
127.01729015005344
127.0167331180501
127.167035599593
127.093614593266
127.10883448463
127.105379485861
126.88522265888244
127.06012171582974
126.916268831587
126.9406256212856
126.93931505634
126.980962735231
126.983241165234
126.98190072968374
126.97799050505957
127.02113299959031
127.01186475645132
127.0882896578597
127.144380118689
127.145257125396
127.13621464981398
127.13378252417
127.15080524896487
127.027636570805
127.04442425496079
126.839788794728
126.86330414276435
126.86399215360684
126.86557100595411
126.84765663757285
126.896396847607
126.878060722919
126.893511142235
126.890012191246
126.901473080039
126.890012191246
126.901173582266
126.90127778415635
126.90127778415635
126.90127778415635
127.05147846984
127.05318002423192
127.04738727881
127.04993147559006
127.06892112991
126.84611741347209
127.00511465214285
126.999398337486
127.06248702118945
126.803148162496
127.09811980036908
127.0427327430626
126.8187314187724
127.057712619869
126.995241634052
127.041810398282
127.045910855642
127.042984855663
127.04127141025155
127.040690005258
127.152859864985
127.144834638143
127.144834638143
127.148010542828
127.146551070024
127.152859864985
126.9019551411
126.903425598797
126.936591730332
126.943901599842
126.943901599842
126.944951057315
126.956236049168
126.939500207336
126.940799193643
126.945590301101
127.043140747618
127.043140747618
126.96351044713096
126.897681468773
127.08401559855838
127.100467043687
127.092367383432
126.905914457472
126.910094329982
126.902211741584
126.904870745624
126.900027640945
127.046711448388
127.048432956448
127.077762187968
127.07989295186
127.079683857569
127.087503803859
127.086466754018
127.0754646406228
126.833425416056
127.146444378775
126.984901336292
126.98735609674071
126.98735609674071
126.98640235001736
126.940404529692
126.992805846948
127.155987297642
127.143400802261
127.150373723621
127.149371729453
127.14404374474
126.92282415743652
126.923891021078
126.92282415743652
126.917388274144
126.9425109
126.912357139818
126.916015758535
126.699253208601
126.699253208601
126.8734056
126.8734056
126.8734056
126.86606607115948
126.857489110843
126.857489110843
126.858916977626
126.8591585
126.858275626321
126.862383062084
126.86232306275117
126.866174467076
126.87272574413
126.87805979412435
126.88104061588135
127.127410396827
127.127410396827
126.8723706
126.8723706
126.871140703227
126.884212539277
126.884212539277
126.8822475432879
126.88484415480873
126.86690650618742
126.8664178
126.86764548137124
126.861660928935
126.861660928935
126.861660928935
126.861660928935
126.861660928935
126.861660928935
126.86378314634696
126.887986129875
126.86186596999
126.8638073
126.8822475432879
126.86462527157516
126.864376665629
126.882098732698
126.87694887606041
126.872500805868
126.872500805868
126.875446452976
126.87209636591098
126.875411997497
127.099561244852
127.11286534895457
127.153179664252
126.979299124878
126.9792225405465
126.889186211103
126.89830151879126
127.03347737793113
127.033953386341
127.078031119521
127.127955879868
126.89777054767478
126.897210713095
126.897210713095
126.894778820701
126.742987386806
128.144359783111
126.91436215147337
126.922130663311
127.13031781907546
127.126465841333
127.123364097715
127.1354462575153
127.1354462575153
127.122484886901
127.130123651685
127.129061908842
127.130126924561
126.89080667192393
126.971588794949
127.1239062
127.0673333
126.887754336207
126.933935547912
127.195514124075
126.91957621271865
127.121065374769
127.010444018934
127.010444018934
127.030634613669
127.033793824171
127.0187112093401
127.030406594109
127.020204302416
127.026041090189
126.920742107385
127.003940577637
126.989929422809
127.00561014664976
127.018565554477
126.996502588569
126.993991049308
126.993991049308
127.01361217885761
127.009162000839
127.00288407382045
126.994629809971
126.83773640693936
127.115099116676
126.99572154573
126.986109104063
126.997553345516
126.9985751800111
126.985956916815
126.87156309798084
127.156620917161
127.146460973829
126.97969115018
127.11883559872166
127.11883559872166
127.112010525201
127.108103792645
127.126096046986
127.033864751447
127.02699027740962
127.03133490189576
127.042460238931
127.044321721307
127.031381701554
126.839788794728
126.818830368875
126.822561360409
126.805479452449
126.80679480031297
126.80679480031297
126.82692903814433
126.81923155767636
126.80616918849312
126.822561360409
126.8146637956922
126.81025282111108
126.8125392799824
126.813039162415
126.817156378437
126.8158506619891
126.81923155767636
126.800882752212
126.811439865245
126.812819296675
127.096979945158
127.096979945158
127.096002511008
127.066183152
126.99830217221904
127.150852412563
126.96588554632058
126.996318772402
127.11398282195218
127.03166068044
127.002340004986
127.04660792669
127.042196323443
127.037902098354
127.0392518896577
127.03593034035082
127.033915899655
127.013587676376
127.013587676376
127.013587676376
127.013587676376
127.09527259635534
127.08136978678252
127.10795931683892
127.0336702
127.0683718
126.999873285391
126.92051756183096
126.92417404925128
126.92417404925128
126.92051756183096
126.92728414425157
126.92417404925128
126.92061230710924
127.06451908033762
127.020003515933
127.138006754263
127.142974878905
127.126724009736
126.955828620809
127.051292988012
126.9269985
126.930028941596
127.057664980575
127.02891340250898
126.953196621607
126.953196621607
127.09136011564394
127.087126373782
127.09240094177527
127.093417038007
129.0750223
127.131445371692
126.74413516539293
126.74413516539293
126.913273404604
126.906010758995
126.907659289826
126.833256331126
127.07128432483368
127.1072564806629
127.107793319913
127.041572513966
126.991982155517
126.98503177341
127.002340004986
126.97799134593596
126.99086417405317
126.96107775263921
127.10613880132
126.930315826401
127.08418278132336
127.08418278132336
127.08052631923334
127.014876651033
127.096083733232
127.088504554212
127.040558999308
127.047294642282
127.049324901036
126.986696847874
126.981953967038
126.98155858357366
127.036355992158
127.06050653606896
126.967234174031
126.96466579866554
126.917029757684
127.02322977658268
127.049149596659
126.920778596036
129.164920305727
126.953169916211
127.04993147559006
127.03940378172955
127.04650833192
127.013288149981
126.972922951307
127.069184206477
127.057068909754
127.06302321147605
127.08524493805871
127.053043676912
127.052528336167
127.02109093354264
127.01744265754604
127.016787993292
127.029848054742
127.1055288599095
127.1055288599095
127.03518144906897
127.0419761
126.99390230612948
126.987984230554
127.091073158598
127.087984274343
126.81093004824
126.81093004824
126.81093004824
126.93938035407
126.952493492646
126.983686538484
126.98289281711416
126.995300346822
127.01035514847
127.076116128972
127.05931827912221
127.057117565318
127.059545634486
127.057133950284
127.056288550969
127.05257548624667
127.06616779165
127.06069374783634
127.061400684024
127.0650100630064
127.0894872412531
127.066013263843
127.066965479758
127.058656975157
127.051408598751
127.0710984910139
127.06245364619791
127.06310485277629
127.073421632239
127.06230072359187
127.066121814106
127.066559498136
127.066559498136
126.947917975554
126.951908984777
126.85426126705558
126.955350026719
126.955350026719
127.085533350048
127.08991450537886
127.085746686941
127.087773944718
127.092417895969
126.96675132260259
126.924201253317
126.922953233609
126.92242989321456
126.899718647528
128.8455784496357
126.89885310177
126.892500388693
127.02927241035283
127.05969557637
127.048829192974
127.174182504688
127.1794680357
127.174182504688
127.16830041921934
127.165905758209
127.14218723676237
126.8923877
127.126269167715
127.0721379
127.111274484694
126.913580663181
127.157935429023
127.1489121
127.152431993679
126.94010194985516
126.925585606117
126.929793195662
126.929793195662
127.04251777019904
126.924263894094
126.918223927386
126.83313105946924
126.93835155311952
126.9368156604
126.936183901144
126.936391226239
126.96663755850754
127.075740628674
126.99822679567
126.985449667642
126.87378856772953
126.881823326004
126.9281570
126.922601405599
126.92223482934553
126.969492796268
126.84188105513869
126.979452174755
126.98020301886912
126.98841094338457
126.97626471559109
126.909552912692
126.91609640610294
127.0260076990926
126.97689786832184
126.861805346534
126.89603923709575
126.841998840675
127.1715526
127.1715526
127.1715526
127.0055628030269
126.8029604
127.08027896385352
127.08027896385352
126.916041680989
127.01509536476111
126.845310587658
126.91256378597808
126.864696470087
126.863619783065
126.864705448277
126.864696470087
126.993562423498
127.098201204291
127.097496150304
126.9511239870991
127.082318892024
126.952713197762
126.9511239870991
127.05270598499145
126.895632272873
127.084338714575
126.98548387906719
127.1478738128987
127.027175084651
127.08027896385352
127.08027896385352
127.08027896385352
127.00476118110912
127.03438768893974
127.077143044327
127.037617759165
126.96728646134922
127.05773316246166
127.053609935497
127.069468766967
127.03605577077943
127.08908915696128
127.02018347069924
127.10795931683892
127.130257802123
127.09316298438938
126.947643790396
126.947643790396
127.09316298438938
126.970606917394
126.969492796268
126.970606917394
127.1652631
127.1652631
127.108271353089
127.09804713329923
126.822435672296
127.078866958929
126.97206158328275
127.047164749977
127.04281086377527
127.1652631
126.869551661402
126.98820799353979
127.00902108350806
126.918079310677
127.04808405179517
127.0260076990926
127.082087774919
127.04493764224698
127.03202379052
127.01140605482
127.025973201198
127.0240095824984
127.082087774919
127.03308284247
127.03273228181403
127.00633218032169
127.00528097622329
127.007662120039
127.007775185789
126.9950349405711
127.00369869995
127.09190155315275
127.147461358819
127.151574031752
127.151574031752
127.151574031752
127.143805759437
126.912351460142
126.8826358
127.06568946412851
126.906289300975
127.102190932957
127.107004062699
127.097261059122
127.099112837006
127.0869080564104
127.026576626971
127.027851591804
127.179218763688
127.04892851392
127.04026548415216
127.04896282498558
127.042219797334
127.121985092857
127.129188437007
127.130380659098
126.901823371377
127.043627289129
127.043938988681
126.82580094374968
126.99396747284503
126.99396747284503
127.08086767385282
126.92618128846676
126.922717385179
127.08086767385282
127.1357459852531
127.131006444371
127.103808749487
127.055169870988
127.02238252662
127.043828360072
127.036930141185
127.128981349521
127.03940378172955
127.05785201995506
127.089511558448
127.119407456002
127.042430904355
127.015376031745
127.026266235709
127.01670064115753
126.991670714039
126.99948366821
127.010873907575
127.061695160651
126.997450059529
126.896211243867
126.903457332554
126.911468286271
126.891208914151
126.896412473751
126.886252139642
126.896412473751
126.896211243867
126.911070959872
126.911676393888
126.912617065718
127.03491197015
127.033754555012
127.063972310868
127.056066999327
127.022129316251
127.027307232391
127.0171260607647
126.89144254393578
126.894733148529
126.92236281559553
127.0699794
127.020921736293
126.95979903078
126.95288063073559
127.100088388245
127.108248234658
127.108248234658
127.10440819435073
127.1005023075914
127.10275389667683
127.108248234658
127.117836316199
127.091975314612
127.090949564468
126.9394937
126.97716740052799
126.976930712507
127.043587838139
126.9748537345249
126.976930712507
127.072867690484
127.00413142190443
126.9841662236206
126.8820204117016
126.898375212738
126.75316170607587
127.1439915625697
127.1266969316311
127.030540986269
126.98277927899
126.95304117562917
126.971171410296
127.09811980036908
127.117687531052
127.128792856189
127.12716129352492
127.093491858088
127.10591770866108
127.142814560638
127.13038619364
127.123830694097
127.110102416473
127.142637507507
127.129946446074
127.13481077850604
126.64814036162457
127.05355318961782
127.055350968781
127.055350968781
127.055422322058
127.06013145601922
126.82741351226227
126.93800333988018
126.93800333988018
126.898722098783
126.886358651369
126.895659539922
127.100216345308
127.097315120663
127.077143044327
127.100216345308
127.104469788175
127.122089595452
127.081323077752
127.081323077752
127.011795743342
126.90544700283237
127.023306728828
127.008271048628
126.972118127373
126.972118127373
126.9647258470644
126.963921131243
127.00426540030378
127.00426540030378
126.975313124237
127.02798507681
127.02559963746
126.95781764313084
126.953621963422
126.95781764313084
127.115477180819
127.114210102668
127.11089257243468
127.0407251
127.030673005376
126.90440234248578
126.92375421661063
127.035871693026
126.940281056955
127.03605577077943
126.83277476226287
127.053726601333
126.978652258823
126.840094219885
126.693593551653
126.9082955
126.898903650157
126.911510533536
126.89500621224
126.89751269480611
126.911510533536
126.900504973844
126.893608614581
127.118753561922
127.103648843423
127.02049316578315
126.918638326314
126.908719763064
126.90793852922219
126.918817956367
127.08851491816
127.09108596311007
127.102260063131
127.08848733139459
127.116463774063
127.0917546889956
127.093512576518
127.094267711685
127.096541788829
127.0490648
127.047080117369
127.049933283235
127.014609897994
127.019477533278
126.92821094566965
126.91350747615147
126.874219829815
126.891312500851
127.043847933911
126.92925214365
126.9875028418853
127.012153088615
126.932056985064
126.936938032534
126.930193627803
126.9297453749671
126.93247282827244
126.93247282827244
127.14700573175
126.871517258839
127.00432032924516
126.816723980799
126.81723757150974
127.039152029523
126.907817274289
127.008866983777
126.913897390407
126.91648674637135
127.02030856272764
126.915736311523
126.94411991681
126.937972132153
126.937986418435
127.024456700382
126.938744797594
126.934237289144
126.935226865858
126.634017969314
127.068501257988
126.961845123525
126.967965039183
126.926516934547
126.826462376959
126.828949776442
126.859652719935
126.83032755235591
126.82435212191209
126.834864591611
126.841539780507
126.854914999111
126.828306570851
126.83277476226287
126.841539780507
127.067398003775
127.075695008523
126.8849
126.86186596999
126.880152725715
126.873969249242
126.852889567642
126.852889567642
126.852889567642
126.83080330608189
126.82687580072417
126.83009915883294
126.83080330608189
126.82982553798782
127.039176049756
126.9548964362826
127.086314327913
127.30792197843009
126.94816634534915
126.942860181342
126.936799926004
126.93698075993808
126.856456567639
126.855897592671
126.908371880197
126.90975434386
127.040455868332
127.040455868332
127.03465609756
127.014399958009
127.013272434022
127.0166944
127.08956495447913
127.11060915357692
127.08956495447913
126.96209714331003
126.96209714331003
126.852925916109
126.959039415473
126.983693380427
126.983055635678
126.98542143228659
127.029391880137
127.029233420248
127.029530903174
126.923138660055
126.914909381202
126.923981023824
126.881665362707
126.87131589924466
126.871291380725
127.130257802123
127.130257802123
127.128819574465
127.12754072968517
127.12754072968517
127.144116596513
127.02927482937886
127.02850865895756
126.8828440
127.010891666957
126.850922675302
126.890039725867
126.890039725867
127.107946139148
127.035154074503
127.040009752607
127.142304133234
127.043627021432
127.038471341381
127.03416413380752
127.040338226179
127.031857683492
127.075479712777
127.030126766593
126.865542970902
126.868322935529
126.86186596999
126.865857839429
126.8662603389
126.86650140966
126.865722369229
126.8648313
126.8500388871955
126.863221859318
126.869983709454
126.870473678887
126.87206679012293
126.841978835328
127.32421150228701
126.886828134432
126.897731574159
126.90102526759455
126.890039725867
126.886419282885
126.880722940031
126.903547268881
126.908679285249
126.911202333368
126.91144599642
126.910929600004
127.062383882998
127.08378909469191
127.07465525507352
127.0413124
126.912288569095
126.927756695315
126.93298596744
126.92844612411159
126.947545050571
126.93512931714196
126.915221437055
126.915221437055
126.934363595413
126.92234821796
126.936812694735
126.93512931714196
126.940750359033
126.909711106146
126.81205932067193
126.9194314
126.915416100396
127.03025080981764
127.03646946847
127.032652780854
126.92070846634
126.9228437430386
126.921521630602
126.917795708143
126.916378477512
126.926725005048
126.93893346118793
126.921100704496
126.921100704496
126.928860752915
127.128878586508
126.93755129533662
126.923485684826
126.932224446292
126.934309060214
126.885656394782
127.053123853837
127.04309001439958
126.879347954852
126.868708921121
126.878896759827
126.970695541407
127.038663563745
127.043848950916
127.051658073891
127.056424776016
127.065583245198
127.071647300937
127.043356693445
127.057328002718
127.054346432267
127.061153045068
127.058618642201
127.04640751797348
126.90094457988
126.934142753878
126.89627166361284
126.89667739939
126.912030800736
126.912030800736
126.90735266579136
126.90787602747
126.912293334237
126.901008378239
126.90726150914
127.11347821881
127.121439414618
127.119826685367
127.121439414618
127.09796117707462
127.0440446684529
127.081072452211
127.01179198066225
127.01188261562763
127.13138538549909
126.873560492088
126.874525824104
127.13138538549909
127.137917515022
127.13832859329
127.117687531052
127.123442070607
127.127953219596
126.843912283977
126.83517832671964
126.848735091943
126.848735091943
126.83517832671964
126.84112000624017
126.84480744815397
126.843551416035
126.84480744815397
126.843551416035
127.139660681116
127.135141842436
126.873314834979
126.877972881419
126.875307312696
126.85926877795595
127.002467481654
127.028852123704
127.017393782846
127.066043013279
127.066203366109
126.816270210346
126.823847928009
127.051301902843
127.120812783275
127.103018247022
127.108519865178
127.095871198987
127.01567915528817
127.13525313717291
127.13525313717291
127.11548723573253
127.11548723573253
127.268215713201
126.913519745649
127.086072803273
127.086072803273
127.032800789841
127.04489905308826
127.03710337610202
127.05784829549488
127.06369251145765
126.816622799005
126.941201488128
126.941008240145
127.086018149043
127.05088954367504
127.069296928362
127.030470824739
127.082329890566
128.58493485772215
127.0941696967233
127.08671982507775
127.10788609452055
127.0890100
126.96026230277421
127.030575549386
126.99580922812
126.98820799353979
126.9828336430597
126.979803462061
126.99057555769706
126.97354382085399
126.964824061815
126.965219543703
126.969435470762
126.965329159928
127.0687757609795
127.0909802
127.0909802
127.1411565
126.97881722643558
127.098252841871
127.00864686779337
127.014004408515
127.018108138899
127.030411056918
127.030033826913
126.827092549716
127.036463443725
127.03090984023
127.00902108350806
127.016954599128
126.84512599110799
126.85080601406
126.845438948235
126.845438948235
126.83632627213518
126.98185608504004
127.2861375
127.11089257243468
127.07495433865063
126.997360075255
126.955825287516
127.0863351304053
127.08275437749357
127.08275437749357
127.067493276869
126.944598183477
126.951161996718
126.939043613202
126.9600211390827
126.962689839226
127.063107344547
127.049969144971
127.04671939028738
127.05074262990716
127.0458621796156
127.0677490917321
127.0649116195051
127.058857087601
127.058857087601
127.0337232638341
127.0337232638341
127.041460725816
127.041460725816
126.89157899800048
126.8896938104304
126.89724365713197
126.897635431027
126.89157899800048
126.8896938104304
126.89484253692
126.89484253692
126.89484253692
126.89157899800048
126.8896938104304
126.88890278512565
126.88596953949119
126.8842538748604
126.8842538748604
126.88234419151644
126.87895438180725
127.069535162018
127.07008376292
126.836134041111
126.834247032485
126.875037383023
127.14830490688664
127.13237683904075
127.06535204940005
126.8206182
126.8206182
127.09893621337685
127.09893621337685
127.120302546887
127.108271353089
127.099534707429
127.06532735974666
127.06532735974666
127.056928266739
126.921013626175
126.942257906285
126.94435825621
126.934840513004
126.956202014832
126.928631038584
126.885606336776
126.94056877482242
126.923581111978
126.92991277566935
126.92893871656369
126.92893871656369
126.92399155537673
126.907275827692
126.90305330361377
127.076743276848
126.98228415760477
126.985013903885
126.99098443539428
126.99098443539428
126.997632059113
127.004188092519
127.005890643251
126.9821953112953
127.06993885580515
127.10795931683892
127.035940937124
127.034408808916
126.91888944132
126.9155399209037
126.917227413539
127.00339399757212
127.049573357254
127.054822721202
127.033899090338
126.886284893452
126.94642954546576
126.94765009467245
126.920178530965
127.068111114537
127.062062963851
126.955981648226
126.98495571108367
126.982211871752
126.972400886068
126.95803386590158
126.972026600196
126.983322099754
126.970526590861
126.991721972247
126.991721972247
126.994333861918
127.072548038209
127.002159945298
126.8938818
126.94765009467245
127.055783646061
127.0546746469025
127.0546746469025
126.98714973498457
126.948991706572
126.372737043106
126.45042670237
126.970656442631
126.7685654
126.824346206431
126.934281255192
127.088069174193
127.088266858452
127.088069174193
127.088266858452
127.084129757128
127.076196654751
126.894833941224
126.936524180879
127.110143748277
127.106296794136
127.099626807519
126.8224973300469
129.300552473752
127.085953351688
127.083623018449
126.7227837
126.965402199723
126.99682837933047
127.099112837006
127.084463583412
127.09255027387266
127.082138921517
127.09255027387266
127.103808749487
127.09220606777
127.095278105309
127.085365349949
127.09114418702445
127.086314327913
127.08146118769716
127.10023101886318
127.099085960224
127.015995958212
127.00992009478007
127.00757793588681
127.011419491429
127.048346633611
127.10795931683892
126.939072381356
126.939072381356
127.077287362827
127.071677561143
127.07226118883489
127.06847224083
127.076050369913
127.052650399695
127.04909555832016
127.052038619859
127.060739161692
127.127040795078
127.13485077207801
127.12617656737
127.130126924561
127.00534195561639
127.006808757736
127.07816562119
127.06370373106944
127.06370373106944
126.986847739009
127.101245162865
127.057780769247
127.05426639702378
127.071069682159
127.072070003702
126.96534500004176
126.968182116699
126.91191899586276
126.911846765697
126.972775755916
126.969197992238
127.005657675347
127.00699953542
127.011655484382
126.9828499467019
126.9834937377452
126.97514065344677
126.97497131959209
127.071806726863
127.031186082217
126.78204762957382
127.03494949507864
127.04949981256209
127.038642531996
127.03494949507864
127.0227923
126.98185608504004
126.90289370455517
126.9779959342445
126.988209324531
126.992153252476
127.000633898859
127.005863527702
127.00153834521934
126.97898995418838
126.97898995418838
127.040746775373
127.03327150435724
127.03128474705741
127.032161941835
127.073024865801
127.077692768704
127.06560846150458
126.9145046
127.0637450625818
127.065805252988
127.087422034597
127.06411035896
127.076743276848
127.07591764998044
127.07328229143158
127.07898449211748
127.079772807629
127.081623480105
127.087682190023
127.08431236632154
126.974894754989
126.99755518229246
126.9023982492817
126.901273371735
126.911693234059
126.911182742849
127.095764720133
127.10454224897
127.10463164628041
127.070315460184
127.070847357397
127.0869527012108
127.113228344218
127.08504124266
127.09282027356954
127.092820287005
127.09521713316
127.09480656548347
127.093983547372
127.075444124256
127.075444124256
127.1094577352086
127.068199770339
127.080124566887
126.98958691395208
126.989989697171
127.1988920
127.080608529833
127.080608529833
126.899754992769
126.90396227446432
126.986847739009
126.9550496072659
126.96084477841997
127.1478738128987
127.01976321851687
127.06279037627168
127.062426570581
127.066419693986
127.06401332325221
127.07150297439844
127.079312037122
127.095279230346
126.906297754076
126.90314564023
126.913416327241
126.909494991105
126.904483525703
127.01535548887506
127.027026919394
126.94056877482242
126.94056877482242
126.946885657783
126.938584133692
126.9959389624403
127.0228822
126.93836133134724
126.9341572
127.03464815597005
127.043814095683
127.043814095683
127.042985487274
127.051537973498
126.995199911733
126.9974413787651
127.0419675
126.99099980568673
127.05420834896
127.033499399875
127.047644999036
127.04873677063698
127.04567370298844
127.052891434927
127.050490297133
127.05931827912221
127.05919914282941
127.05338160929209
127.061860346228
127.04433974225617
127.04757151459634
127.041325176789
127.038359984824
127.039387081159
127.01178752964915
127.01178752964915
127.01529688465331
127.04062767343329
126.965868107788
127.046853431412
126.93206303042781
126.932587575815
126.932859822899
126.93667142222
126.931660092283
127.137962937407
127.14119943887
127.31693061688969
126.83946120321126
126.83860534807998
127.1333073267
127.12021604654855
127.113077018695
127.09842266861384
127.12766841624
127.12642863661
127.123326600743
127.131778499113
127.134620499127
126.87843696043
126.877207701182
126.9776017
126.987661987346
126.997989661493
126.997912703354
127.008531483289
127.01348042343335
127.016806165627
127.023350524799
127.030290960444
126.97759212096156
127.0546981800968
127.06777048429011
127.054720327179
127.054720327179
126.978647068151
127.00901034346549
126.902483698732
127.06870859088639
127.013943845279
127.052764503364
127.050233418175
127.06429132978937
127.063415089058
127.04723710960329
127.047417975116
126.61106928242717
127.04485106092139
127.04789833684475
127.057906487022
127.051694202437
126.875446452976
127.074378031891
126.966511201027
126.970164733836
127.063068075425
126.9707790399075
127.013907681399
127.022176329147
127.06631682126
126.95388425571609
127.52521014329739
126.992683646794
126.994150735779
127.014809694016
127.014809694016
127.11836060535106
126.921236626344
126.962007967546
126.96449207476172
127.058283535493
127.05882784390123
127.04476830687653
126.74645109809887
127.073031460113
127.102057040069
127.123933464955
127.08757110445949
127.06746994291576
127.10298451989003
126.988345222457
127.09690435502482
127.0974736
127.102912252306
127.07753295123
127.075405300578
127.093478942574
127.093134844724
127.05977475920854
127.041796913386
127.160071492276
127.00336288623663
126.918029489547
126.885817098877
126.98543344554172
126.989034907559
126.991253128841
126.998542194242
127.00168418447
127.151045531282
126.841899088302
126.7800417
127.086476030847
127.100616924557
126.980658058024
127.237348011357
126.96290026377872
127.056595204405
127.056595204405
127.056595204405
127.044544427403
127.321027248959
126.8354206280935
127.08086881984708
127.122075
127.14434450103897
127.116825
127.120730056922
127.119059937774
127.190925782557
126.99443158318867
127.066140651333
127.06983109117179
127.067991278758
127.24940949492436
127.24940949492436
127.030713
127.19631658709
127.24940949492436
127.214860598564
126.865010947166
127.04750929412371
127.032161941835
127.033525108153
126.930683663476
127.039159220575
127.03190190063152
127.071166599707
126.947545050571
126.93512931714196
127.009922804923
126.872358028874
126.959097047391
126.961800474792
126.9692332
126.90969265919573
126.93512931714196
126.991895489359
127.001765135176
126.952272530988
126.74627635601331
127.05944301488479
127.06490238136436
126.88989533879447
127.132554348926
126.97974456780547
126.981225175346
127.012964753831
127.015995958212
127.015995958212
127.010684392794
127.00466563557
127.0045563
127.009209110584
127.007553219352
127.14151189760807
127.14151189760807
127.010225523923
127.00601781685579
127.010225523923
127.120895017165
127.06804428710558
126.879994012219
127.01240333235619
127.03915286827284
127.011350460349
127.04452650526459
127.04419665397714
127.04419665397714
127.04452650526459
127.04419665397714
127.0259119
127.0259119
127.158193921252
127.156170634861
127.02875836493826
126.876493533376
127.02875836493826
127.069710999684
127.0598881710998
126.990392824308
126.91445406513526
127.029511840513
127.103351222102
126.84817192582645
126.80934084967
126.850998403189
127.082893487935
127.092518230166
127.092060577235
127.082087774919
127.0991657707434
127.1187803911927
126.984730574713
126.985468639152
127.087325383213
126.9851687
126.946626771402
126.946407812477
127.02449759287889
127.02449759287889
126.93398629779406
126.932854207846
127.019650626346
127.073039798551
127.093198955275
127.003835977703
127.001231821768
127.001231821768
127.00039739655311
127.001231821768
126.9340486
126.9215948888926
126.995821148945
126.92648561785495
126.923778562273
127.04485106092139
126.93105684745
126.94698432423915
126.92778880701992
126.941447453578
126.941447453578
126.926832778048
126.925554591431
126.924263894094
126.86363904011
126.863976061325
126.952622379496
126.955061833706
126.946967783464
126.944158007985
126.965416702025
127.056949055561
127.055334881713
127.039391444512
127.007341223029
127.007341223029
127.017705380304
126.84231341283797
126.8375663037943
126.834864591611
126.848796956464
126.84948260383828
126.84948260383828
126.847429633688
126.839283874636
126.840455026335
126.833425416056
126.84400579079
126.845677993757
127.0822907
127.087216086245
127.08354181123269
127.0737049
127.06745396761663
127.0837638
127.03466547858878
126.9993513
127.019790230942
127.023539439876
127.058048369273
127.05598785521
126.982103870677
127.030127360034
126.99389934656159
126.9719206
126.9737456
126.961037545693
126.96139810075
126.96121035015936
126.981889913806
126.97651954912
127.068845408651
127.067336617711
127.06773068255059
127.062605941182
126.962747565182
126.9399767
127.015964644491
127.009571946966
126.911846765697
126.8595324
127.056888
127.056888
127.056888
127.073838
127.073838
126.9182067
127.1641803
127.0134622
127.0986189
127.056888
126.9118888
126.9055969
127.0086395
127.0054812
127.0086395
126.8818961
126.8818961
126.8818961
126.9055969
126.9055969
127.0126574
126.8375662
127.0054812
127.0054812
127.0054812
127.0054812
127.1295723
127.1295723
127.1324333
126.8623552
126.8623552
126.8623552
127.0597188
127.0597188
127.0676974
127.0676974
126.8218265
126.8218265
127.0346186
126.9182067
126.9027832
126.8659207
126.8493451
126.8505729
127.1187130
127.1187130
126.8107254
126.8107254
126.8107254
126.8107254
126.8123100
126.8123100
126.8135186
126.8135186
127.0453201
127.0390097
127.0390097
127.0462798
126.9739814
127.0601780
127.0601780
127.0601780
127.0502018
127.0621750
127.0621750
127.0732695
126.8915686
127.0272978
127.1013846
127.1013846
126.8175892
127.0913994
127.1198190
126.8821970
127.0761917
127.0797436
127.0797436
127.0394284
127.0502086
127.0820505
126.854613
126.8333463