37.51940965701156
37.48603183903539
37.539479495099755
37.5508929
37.5729828463899
37.5067021143599
37.5067021143599
37.5860618
37.5266511324493
37.4740984615079
37.576928889297335
37.53190827313679
37.558949028658866
37.5654932110177
36.3192786676425
37.54718530515838
37.5295786286234
37.5660360
37.56590070910394
37.56590070910394
37.5590293896185
37.56590070910394
37.5334847813468
37.4658074787169
37.5239503110019
37.5423833
37.5634083
37.6086671
37.5579987021404
37.56430187330017
37.5615542709987
37.5365780660184
37.48538942953203
37.4999307947939
37.4934876
37.605882
37.4847009504921
37.5378083426973
37.5428544395939
37.5439954659147
37.5192557124427
37.5303776335575
37.4981540920437
37.52358974383384
37.7380566430654
37.5172404421072
37.6586218
37.5235692080104
37.5183052292796
37.5273338139916
37.5441295338349
37.6065869476413
37.5145906150942
37.5924781095689
37.5426306588775
37.56590070910394
37.56590070910394
37.56590070910394
37.470101
37.526236648557955
37.6259416006198
37.5322635522863
37.4622221036381
37.6040839370971
37.5178641354045
37.5331556396866
37.5270787536836
37.464848554996
37.5043776838199
37.5916556183828
37.506877946720635
37.4826315
37.5597889152814
37.4806491
37.5688608776878
37.6871983
37.4826315
37.519814891570896
37.5840623931627
37.4826315
37.6313330492009
37.5776086996154
37.5776086996154
37.5551004
37.4731271067564
37.5014347414303
37.4938884413034
37.4951513246207
37.4930992522183
37.4938884413034
37.485209909096696
37.5016056920047
37.4829592
37.5756646062822
37.4821065687163
37.4757449705906
37.4803959660982
37.5699023
37.5607245
37.5628749459506
37.56461230457238
37.5635379095361
37.55872299303281
37.5703654019561
37.5736839339029
37.5634898145076
37.5736839339029
37.5518561317391
37.55955171590521
37.5695239
37.55872299303281
37.5616274023805
37.6595274260384
37.573295
37.450416956915774
37.586336176926416
37.586336176926416
37.42646315305282
37.6340689252244
37.5111694819794
37.6345750
37.5869479924599
37.5267558230172
37.492790729246835
37.5093899463715
37.51733192586
37.51721617197854
37.49502897489097
37.5084527656762
37.50170169277866
37.492790729246835
37.492790729246835
37.4834217905569
37.487426
37.49808633653005
37.5084527656762
37.51938504004746
37.4683709624438
37.469222106732346
37.4701615074984
37.5394298515321
37.4543323385909
37.52867274661258
37.5499276364762
37.550487069251
37.5398855009351
37.54574669110065
37.528644462932
37.5301933196226
37.5302111983522
37.577699122537
37.526040179486365
37.5292687705028
37.53603348150811
37.5386545016164
37.52910413602019
37.54576865082839
37.5283851
37.539479495099755
37.539479495099755
37.637406561393085
37.65888882945633
37.62961483594483
37.63215963243327
37.6397513275933
37.6408453366338
37.5761425901948
37.5415526206092
37.5415526206092
37.5535013732138
37.5464932422737
37.5509646154307
37.5605745094059
37.5605745094059
37.5509646154307
37.55304361317403
37.55304361317403
37.559975361958074
37.5580037856244
37.5415526206092
37.53957830803898
37.5495099567689
37.58837414475718
37.5171529410802
37.51644278538093
37.5644300518558
37.5729828463899
37.5644300518558
37.561727820635
37.5719142
37.56697970535867
37.746498
37.6839556675474
37.6839556675474
37.4976432
37.4936842427452
37.497968278388235
37.5016111548141
37.502779450931975
37.4973780955123
37.4946417150651
37.5899800898087
37.5972228
37.5943802460087
37.4825380685367
37.4825380685367
37.463533689681
37.4850745068127
37.4944543918694
37.58166675610356
37.5726327492333
37.5725371505293
37.5858140357965
37.4994987472971
37.4978247513336
37.4994987472971
37.66652824708035
37.4909283885885
37.4957610567606
37.4957610567606
37.4933304500736
37.543536094587516
37.54040751726388
37.50716742257615
37.5045212
37.58528773294835
37.58309177978962
37.5904875365139
37.5722171090187
37.5171478738693
37.5200703151473
37.5651964618968
37.55976328822766
37.4363177
37.486743129708
37.4751346558324
37.57903713704342
37.4925875768791
37.577613288258206
37.5758061234865
37.4629367
37.5603146904067
37.5634050990052
37.5298708790406
37.5223629
37.48360748081351
37.6005077
37.5972296760851
37.496429407999656
37.56339789088336
37.5621244323259
37.5968011678013
37.5138524901244
37.49213093447941
37.5871135140285
37.5864254062161
37.5641741928495
37.56974329196847
37.5613463153383
37.5572593
37.5547168598563
37.5547168598563
37.55268516575942
37.55879738390321
37.55268516575942
37.55504766830918
37.5601770870189
37.5611225
37.589526761187834
37.59044191064368
37.56540234769277
37.55306563712833
37.5056800
37.5056800
37.6581518
37.6581518
37.6581518
37.49924950286752
37.5067492375735
37.4992428101519
37.5052221817965
37.5111694819794
37.5300430139778
37.4793190
37.5515590263545
37.5439759088286
37.6246467874772
37.620691807133
37.6255427648558
37.6355706346651
37.66830945930398
37.5806572597318
37.55793563926983
37.55815704278689
37.5533580856348
37.436451567677
37.52280695551501
37.468203091432
37.4745875338795
37.5217956286517
37.4783683761407
37.48256409078899
37.4850124399974
37.485044830857
37.29523923083522
37.548301777580434
37.539157159957895
37.5526878883794
37.5472160039314
37.548301777580434
37.42646315305282
37.4397918553313
37.4740984615079
37.4816594300792
37.466785416094375
37.4671970542458
37.456677518651624
37.47856747803877
37.4164513418111
37.4164513418111
37.4041271029948
37.4928003635294
37.5603499133414
37.64322256272
37.6192404638865
37.6192404638865
37.6192404638865
37.62109765587682
37.6189896537122
37.6197650939159
37.572602860810186
37.5450065312311
37.5443555789916
37.5412966455234
37.55147044344215
37.5385583136733
37.55106994644599
37.489184583398
37.4735676719924
37.5759689663327
37.54748648317645
37.5641968077373
37.564391218075
37.5641968077373
37.4927431676548
37.48956876788431
37.4814644506709
37.4781305078075
37.4781305078075
37.4661812818489
37.4683709624438
37.61614926025498
37.6095393887901
37.4912166965135
37.4943656749447
37.4943656749447
37.4912107272341
37.4866161888127
37.5070387936593
37.4839833354275
37.495433086372
37.5070387936593
37.4952577439527
37.4852605752505
37.4965779392939
37.49213093447941
37.50010922516876
37.49780462892099
37.4941528111446
37.50334155631282
37.4798926112553
37.4791534583298
37.4715124102665
37.4812105883043
37.4697719367341
37.56684449678786
37.6154397640065
37.61941522307722
37.5691076042921
37.5886296284174
37.6304672142618
37.6304672142618
37.6137870012158
37.61124669148435
37.545487095405
37.5681915373236
37.4958837811468
37.5450650558509
37.54541479286191
37.5371752725594
37.4923939180319
37.6364357889145
37.6390219406828
37.6364357889145
37.50199523828162
37.55810962347857
37.648576279141
37.648576279141
37.648576279141
37.6482585141112
37.6482585141112
37.52280695551501
37.593339617077156
37.63887785974017
37.6399624896665
37.5528192329617
37.523846812103436
37.56724946405115
37.4998239211339
37.6107638961532
37.5433425647046
37.5433425647046
37.4927089513568
37.4763885379422
37.4737334700634
37.468698335657
37.580647680207
37.53190827313679
37.48911277904794
37.56010165113541
37.557151488837924
37.5575034182642
37.54551759022203
37.5015172514033
37.5063481158239
37.4856899546832
37.5495111508605
37.5171701654936
37.54845261293641
37.6153427371405
37.4549899165436
37.4602102468631
37.4406088145848
37.465286726865
37.4549899165436
37.4568411485862
37.4561943743749
37.4568411485862
37.47018598456967
37.45145831460328
37.5497074622427
37.5566483443876
37.5480339301875
37.548260922874086
37.57009228390891
37.49374374320016
37.4971157254336
37.527530284368524
37.6339784592702
37.6390219406828
37.6339784592702
37.5589758726636
37.5364302378391
37.5340295935454
37.54081566319114
37.5378264874159
37.6034759827831
37.6013267072199
37.603394782316634
37.5569896791079
37.7397388602631
37.558949028658866
37.558949028658866
37.5820032071448
37.4837859
37.6060674646146
37.47085386640066
37.4785646095049
37.4770932409965
37.4785336851948
37.4689272805244
37.5727919244104
37.563801688420405
37.47116487814104
37.4742341004767
37.4818000445131
37.4777064330828
37.478554471445
37.5757780979085
37.5696578503051
37.57213335842017
37.5774140876082
37.5774140876082
37.5670399093241
37.460918020690976
37.5776748934892
37.48625714438263
37.5787914213727
37.5600030088843
37.564905601247865
37.55918176072071
37.52247256690885
37.5401118
37.48486591037918
37.4631243607984
37.4845690145566
37.5487322781695
37.5502026774846
37.5552879063523
37.5500577070323
37.559311690784995
37.5524979951415
37.55127433407266
37.484793511299706
37.484470253634
37.699227649417026
37.699227649417026
37.5420473203278
37.540566672483216
37.467115414468
37.4730374
37.458164442214
37.4876585212369
37.77164666002854
37.55500122359755
37.51480414922673
37.5138362364882
37.5134411602122
37.5135856714992
37.6423345266253
37.6789826787627
37.65488557703283
37.648173334503305
37.6389497897836
37.6543617567106
37.6439530575352
37.650185380219
37.65488557703283
37.63814511542415
37.6563403513278
37.64622949150127
37.6165829363478
37.6403309941757
37.648659599559
37.6553225
37.65154323218001
37.6008067681825
37.525064741247725
37.5347227952064
37.6456693877856
37.6403774480634
37.644633445567656
37.644633445567656
37.645438051798
37.6287991041705
37.5556709916016
37.50545747125471
37.51120000205266
37.6159547
37.5276467
37.65488287138881
37.505305732081965
37.4897388628554
37.55566202563303
37.6082311195154
37.5572335102939
37.50255878592197
37.56872974871337
37.57281157610966
37.5728974765472
37.5653412117794
37.56697480965114
37.6702168353314
37.6630940939591
37.4894026916713
37.5347843171332
37.5320405566893
37.54086388942294
37.5466622043895
36.8894864
37.6503657392809
37.6449170356542
37.4946758648467
37.5781778601409
37.5790106131615
37.6079534378811
37.4924039640497
37.499871758402
37.49305960779567
37.4888829590009
37.4924568848528
37.5665467480988
37.5868085534625
37.6536690
37.4933099444417
37.49633073694345
37.5466851838703
37.47482803960479
37.4915500752654
37.4915500752654
37.51335413975466
37.5709530435369
37.4312959259261
37.4834925762005
37.6331928
36.3501713
37.6380077033632
37.638749736487
37.49559202521321
37.6462004476919
37.4971762300289
37.49370832148055
37.5030946088049
37.4944966528582
37.50023454094391
37.4845785423122
37.49129689331951
37.5813
37.6368721762904
37.55294729315241
37.5476479056751
37.4661812818489
37.170155357953945
37.64950880707469
37.5924857226959
37.5641076212639
37.6246289719161
37.6374795939374
37.8426566482892
37.4883045975487
37.4883045975487
37.4842278490895
37.49736897825154
37.49097398162934
37.4789112531914
37.6670897655126
37.4657418
37.5105300171138
37.5077883250389
37.50367515175136
37.506733279349156
37.5145080414761
37.65339041848567
37.69884206393718
37.6686914100331
37.65025777488097
37.6445499352563
37.6445499352563
37.6579151241786
37.68951167833238
37.6792119046658
37.6463892
37.6707894805097
37.6795892984812
37.52455769460598
37.5229506730658
37.5660690482781
37.56263793810078
37.53829748535028
37.5744058898155
37.5724504220421
37.57446627898665
37.542796297945
37.6184141599944
37.455382712327
37.4549899165436
37.456116407005
37.4631545923311
37.46049066111248
37.47149228263888
37.46597376787178
37.54432716179808
37.5934425985896
37.570993818720254
37.61054501416126
37.5952323644396
37.5952323644396
37.5642010819861
37.5561535189751
37.5587358433705
37.55528092524056
37.61941522307722
37.55808646250296
37.56167690021291
37.56167690021291
37.47865187116681
37.5052085782326
37.5850804205685
37.5850804205685
37.5744184359353
37.5704208594994
37.56566440553802
37.56566440553802
37.56781489861205
37.5747126304285
37.6144558046024
37.5729749046345
37.5732166600283
37.5732166600283
37.589786081630095
37.589786081630095
37.5560524173543
37.4834834
37.5922031
37.60201602210501
37.4916991874011
37.600665739231
37.53460761349826
37.6103464320113
37.59255995612785
37.58270047317313
37.5456805116373
37.5897048948474
37.6038121720786
37.6047235052959
37.21862443450871
37.656140274125086
37.4510191629087
37.502942869369704
37.5124820423588
37.5079550340725
37.5155526477108
37.501687788117245
37.50382881481931
37.53589477322126
37.553312384538785
37.616572917937
37.5309988658049
37.535185639822
37.52765684247226
37.5214318985745
37.54791250355194
37.6524222901
37.61885005425222
37.5632161593403
37.53345512753951
37.55145337638647
37.550728980328884
37.5613750274415
37.4832668070302
37.484258434843
37.4834804833812
37.4793506589002
37.4852605752505
37.4793506589002
37.4825861326783
37.57601374718818
37.57601374718818
37.57601374718818
37.5856871375435
37.539328313125
37.547241554679
37.55453498812226
37.5292974433415
37.534375528453154
37.477675406635306
37.5032064667979
37.638786104146604
37.5633661796519
37.51113059993883
37.503212254224685
37.561997293959756
37.6652017465321
37.5642212571075
37.5709939425262
37.5680659859935
37.5661389565959
37.57068418982381
37.5589786496565
37.4950381629493
37.4992433573371
37.4992433573371
37.4971454838519
37.4979582085463
37.4950381629493
37.5662141901015
37.5634871865932
37.5334847813468
37.5381700787052
37.5381700787052
37.5389166006812
37.5531940474468
37.5465291813643
37.5466415636201
37.5498766515768
37.4594852424923
37.4594852424923
37.55121342278342
37.4665271683701
37.59595779184233
37.5998588387748
37.5992960295399
37.5536575185624
37.5560826563712
37.5569485562866
37.5520961542411
37.5517245459018
37.4869394661317
37.4913465026387
37.6106193846197
37.586637189912
37.5774183672619
37.5887148877725
37.5926980365854
37.58750505698917
37.5541181035084
37.5567865094282
37.5620769169639
37.56318453011765
37.56318453011765
37.56096526943837
37.5591003642344
37.5643337583464
37.5546046874526
37.5519086429947
37.549977239919
37.5491676137434
37.5513978958277
37.580234738358605
37.5798245779138
37.580234738358605
37.5674837879277
37.5841541
37.5759819479013
37.5680486447161
37.7740587803295
37.7740587803295
37.5309365
37.5309365
37.5309365
37.526394445045554
37.5142316880955
37.5142316880955
37.5176211734141
37.5125969
37.5122288029016
37.5150447902477
37.51322469369074
37.5151104149728
37.5152221722599
37.536974374127475
37.53875058211887
37.1888867556588
37.1888867556588
37.5329058
37.5329058
37.5318601573647
37.5333801700003
37.5333801700003
37.53394405537617
37.53466020821636
37.52773338214835
37.5205005
37.52184166143816
37.5165287996719
37.5165287996719
37.5165287996719
37.5165287996719
37.5165287996719
37.5165287996719
37.51891351748163
37.5308610073837
37.5280222216231
37.5327985
37.53394405537617
37.526135115923466
37.5259816604496
37.5307291364642
37.5265414353571
37.5197846081863
37.5197846081863
37.5306610399175
37.522789013527884
37.5132824729392
37.4740007011669
37.5178055794687
37.5585547285221
37.5689344498652
37.567539695109566
37.4200343747726
37.45607236421169
37.557009533131975
37.5584870327005
37.6121941356456
37.4851386638257
37.51398329680753
37.5131124413989
37.5131124413989
37.5179757181801
37.8917870847821
35.1757523031013
37.47786793337331
37.478554471445
37.485770391671466
37.4839076893197
37.4898756388539
37.490597626696704
37.490597626696704
37.4860310539381
37.4885565208071
37.4892172227173
37.4826206783394
37.58123659635802
37.5558828120624
37.4741540
37.4933830
37.5043388634878
37.4714797246645
37.5816045145693
37.48744751619119
37.5060348548053
37.6230024971806
37.6230024971806
37.6127772732537
37.6161289893513
37.62432052110942
37.609094989686
37.6288495352642
37.6266544891889
37.6283642417942
37.5101837861111
37.5080210111994
37.51204699576554
37.5030788686325
37.5145843047315
37.5203362097176
37.5203362097176
37.48523059434172
37.5049973119572
37.507499723411286
37.5097007912995
37.558677743241596
37.4741487692635
37.484977216649
37.4944226421959
37.4814561268152
37.494250456914585
37.4858594477241
37.52701323192867
37.5523729799256
37.5236189058666
37.5425316846678
37.50779587992483
37.50779587992483
37.5104623135672
37.5119796402937
37.5087506251989
37.6126835886791
37.670189793279356
37.6621483676451
37.6627791783756
37.6674383662755
37.6656297458357
37.5632161593403
37.57488437003
37.5520480041313
37.5704554647882
37.57088920087895
37.57088920087895
37.56601271738172
37.574697578388026
37.58166675610356
37.5520480041313
37.577000642372525
37.577188249249225
37.580922012409395
37.5820328278526
37.5724563141792
37.57589067413874
37.574697578388026
37.5657085712852
37.573341107704
37.5776031994404
37.5025864123359
37.5025864123359
37.4988137989054
37.5803279087154
37.56546922053643
37.5561538661285
37.579119784607926
37.4802271184499
37.511778595629885
37.4895465688273
37.5420108280662
37.6258480815588
37.6290067985737
37.6320283615434
37.63085303453443
37.63329576446888
37.6355217949521
37.4935288784757
37.4935288784757
37.4935288784757
37.4935288784757
37.66367185054125
37.699227649417026
37.526321934683494
37.4646340
37.5045212
37.5320818261115
37.49328307697023
37.49378013319461
37.49378013319461
37.49328307697023
37.494545241204975
37.49378013319461
37.49992085496506
37.663052984462446
37.585541696968
37.4982279887818
37.5297680063778
37.4707418689753
37.5129362700803
37.4537731690969
37.4848114
37.5438786157118
37.5154640760921
37.505293262534146
37.4820523600928
37.4820523600928
37.617350836302734
37.602943619956
37.613610024065316
37.6164392280923
35.179816
37.8054920510224
37.49993803783584
37.49993803783584
37.5824337397967
37.5742940082425
37.5777082752594
37.5954482478014
37.61581677371715
37.60426681458462
37.6042996621047
37.6236047035134
37.6036818835016
37.6115846878875
37.5420108280662
37.65865286599552
37.67041236668757
37.64610321389071
37.370150892237
37.6100477979795
37.63879874721023
37.63879874721023
37.65113216263939
37.629460295017
37.5797811776291
37.5809403751459
37.5594976690083
37.5653948880868
37.5614440893729
37.4704847079848
37.4872392486403
37.47656223234824
37.5930809016502
37.630393556420294
37.5758369436475
37.57295842575847
37.5682331647699
37.50377181780789
37.6046918424818
37.4570374341871
37.4471400185072
37.5356783467356
37.55453498812226
37.5537046468307
37.5532101173212
37.6408453366338
37.5344393447708
37.5103510000585
37.5051100226147
37.508822740225305
37.488282073185
37.5129614511319
37.4877551383598
37.61946109437532
37.634692869740405
37.6253839750808
37.6171103285574
37.64310630939192
37.64310630939192
37.65724414099776
37.4911433
37.554383208695434
37.5634539936501
37.5073123804699
37.5043305931666
37.5815645564793
37.5815645564793
37.5815645564793
37.6441209057519
37.6422889072188
37.5895823159869
37.59458991731577
37.5665178985857
37.5047989922085
37.6579510215151
37.66616680124523
37.6636955962025
37.6613338249082
37.6673283423846
37.6705146147144
37.669207204256615
37.6856531366563
37.65163867288243
37.6514256751114
37.650325443141426
37.679208368948544
37.6494338138161
37.6548860243538
37.6611793013676
37.6618241817377
37.66091387686664
37.65575974910927
37.648574065497726
37.660720544722
37.6639767814915
37.6593950138213
37.6571098779404
37.6571098779404
37.5028706251049
37.50827834842
37.28894381882746
37.6023222243288
37.6023222243288
37.5963134942124
37.589796969633504
37.5967097755022
37.598924722887
37.5961893734748
37.56191102139211
37.5507442326996
37.5450491138686
37.54776618366393
37.5661150040674
35.94078832592354
37.5733870980889
37.576470092511
37.56443666620397
37.6674207757251
37.6065588265169
37.5456017097501
37.5488662186772
37.5456017097501
37.55058374747101
37.5566778757215
37.54990809389717
37.5068759
37.482599635892
37.5731447
37.6179446078871
37.5908600479967
37.5617848404883
37.5367481
37.5382075596429
37.55110656067633
37.5378896573783
37.5442857274277
37.5442857274277
37.517005809918125
37.5559412279911
37.5527116278928
37.51202026143611
37.578221137394884
37.5791618639849
37.5818753170648
37.5830359084251
37.56575193662503
37.6453014657814
37.4982689420707
37.4894850425483
37.504732021792464
37.5790547487661
37.6130878
37.6007447760225
37.60043008936358
37.5559219329986
37.50934460486697
37.5227168266626
37.523846812103436
37.519568139395346
37.564373037499706
37.6144665757293
37.612177492708476
37.491598641657454
37.577613288258206
37.5044591213322
37.459832121576014
37.4813577159603
37.5766033
37.5766033
37.5766033
37.48373557342313
37.5713698
37.631881000815284
37.631881000815284
37.5207245871731
37.48956876788431
37.546486605116
37.60062243984443
37.5217905668014
37.5216595841511
37.5218302211803
37.5217905668014
37.5586539187088
37.5093789801021
37.5099273747651
37.45978574975834
37.5482386958136
37.4812845080678
37.45978574975834
37.65339041848567
37.4834535438449
37.4807809290067
37.47630148696379
37.530448536566894
37.6299013887235
37.631881000815284
37.631881000815284
37.631881000815284
37.50170169277866
37.518410417962016
37.4934972653425
37.5443222301513
37.57017330407537
37.584828300773886
37.583480557671
37.4561173284793
37.57161932897955
37.47952143624791
37.480347989138515
37.526321934683494
37.5605464139303
37.62615297260307
37.5974176676364
37.5974176676364
37.62615297260307
37.5546788388674
37.5559219329986
37.5546788388674
37.5719142
37.5719142
37.4744903984208
37.61283151896755
37.4981427177708
37.4940475432766
37.57481465499086
37.6895292622726
37.45203209428228
37.5719142
37.5192047461847
37.55127433407266
37.65888882945633
37.6165486795559
37.67343741909391
37.491598641657454
37.4653644311783
37.52322543860111
37.4819347531037
37.4840469027876
37.4834066843978
37.502048939064466
37.4653644311783
37.4837220625989
37.483587008949804
37.4900696218267
37.49561086789221
37.4918499338918
37.4917382015899
37.47225133310011
37.4677030774336
37.39039350605784
37.5169033923183
37.5123355066532
37.5123355066532
37.5123355066532
37.5170484560719
36.9465642660478
37.4267569
37.61500552731744
37.4240208552966
37.5023225298382
37.5054141216925
37.506568623701
37.5076807262772
37.50862738104728
37.6544839818875
37.6577200158666
37.5789742530834
37.5091105328378
37.52723117767616
37.504497373023206
37.6704844504671
37.5457752886094
37.5547595859831
37.560903072832
37.5424169352881
37.5109326388803
37.5101252233604
37.48751225169089
37.58831649367718
37.58831649367718
37.434521776864386
37.50520165560867
37.5060355728849
37.434521776864386
37.527490696850066
37.5356239765187
37.5207124124456
37.5371902278691
37.5641669735598
37.5530273389384
37.5634272053432
37.4989193479897
37.5537046468307
37.55260323766271
37.5331471248437
37.4705837031396
37.5793044950241
37.5899392348097
37.596864138867
37.589358815718086
37.5936484258243
37.5932991337586
37.5880440471869
37.6238373628149
37.5928918590119
37.5650560057921
37.5634547766875
37.565630653899
37.5522068927662
37.5603277547008
37.5462484260404
37.5603277547008
37.5650560057921
37.5532794918264
37.5542602316769
37.558920889098
37.5365780660184
37.5291721738221
37.5421376830477
37.5445888153751
37.5916680669509
37.6319123591242
37.59296812939267
37.579939752371054
37.5794345722565
37.51204684258593
37.6501942
37.4681229563716
37.6008966546263
37.59620173433766
37.4657686250927
37.4647306754928
37.4647306754928
37.46377905881735
37.46422934680342
37.464169745712574
37.4647306754928
37.4663829676466
37.4719525467879
37.4688142206734
37.5465224
37.56616259382693
37.5702278403053
37.5908403884541
37.58657325133722
37.5702278403053
37.5530165928479
37.50468314413512
37.54864114371065
37.44821301363913
37.4383584958668
37.48764230897348
37.831614136207634
37.486844727116925
37.6164722515919
37.713683573467
37.708172331878046
37.7107225092722
37.51113059993883
37.5070185614432
37.4747617394354
37.5019757297179
37.5023585670288
37.51458371944687
37.4907619427557
37.4808724363953
37.4820976521034
37.501976642902
37.4999307947939
37.4959197426485
37.486824935391745
37.573194381527294
37.687475910171976
37.6778814656816
37.6778814656816
37.6823683048684
37.673835531124546
37.52280695551501
37.51480414922673
37.51480414922673
37.5798453110675
37.5863896811126
37.5808157167381
37.4837166283926
37.4924516193476
37.4934972653425
37.4837166283926
37.4852951142482
37.4960326403518
37.6481340456477
37.6481340456477
37.2869569586225
37.34989121407505
37.6347026689261
37.6403556594056
37.5445952301115
37.5445952301115
37.54643849947151
37.5444019983003
37.533768423192
37.533768423192
37.5600030088843
37.6510346943027
37.6474709462678
37.495853033944364
37.4963172817574
37.495853033944364
37.4788660847596
37.4783195028903
37.55522778434594
37.6641763
37.5738697336754
37.60425070555974
37.594078192859094
37.4709233091882
37.520930342987
37.57161932897955
37.51709330487288
37.588280994727
37.56682420267543
37.4944017358672
37.3429619031973
37.4505667
37.4789477411101
37.4455447405375
37.4525122843471
37.46429611879106
37.4455447405375
37.4547443452402
37.4561943743749
37.5002743726619
37.2900153417712
37.55447619249223
37.517118788456
37.4990373875763
37.49610670920569
37.5141924527015
37.6126336282707
37.61452735154327
37.6158840957057
37.6142040719099
37.6160763578179
37.605695339479475
37.6040910988968
37.6012226466432
37.6013505509805
37.5696579
37.5698386846442
37.5708105872515
37.5630320348009
37.5656730531732
37.499757228908564
37.48765046104574
37.5092339002167
37.508908482648
37.6712695109205
37.6329790953507
37.51809760951357
37.5169011128429
37.4786723214501
37.476901840912
37.4837168847
37.484267135140364
37.475134295560736
37.475134295560736
37.540654345371
37.5365890172178
37.505305732081965
37.5733710533622
37.56748745669626
37.5267558230172
37.4825122141701
37.5446378328801
37.4848522151226
37.48778505268694
37.51643597531432
37.5990642318065
37.5003244492332
37.5443011189285
37.5434469791159
37.5760299683175
37.5514518477117
37.5450739572714
37.5470206619327
37.6558473481104
37.5353235824243
37.603492186296
37.5292591489375
37.4835308494874
37.509515773826
37.5356700730961
37.5330616124365
37.52681702953697
37.51423030750184
37.5255512468868
37.5402250708098
37.5210905906704
37.5359106075995
37.51709330487288
37.5402250708098
37.6017816437084
37.5332072449472
37.5161
37.5280222216231
37.5166282985287
37.5183481840059
37.5202231231721
37.5202231231721
37.5202231231721
37.51252061085087
37.51464489072024
37.515784834722
37.51252061085087
37.51075323973607
37.6331307520362
37.53576010881851
37.5116263587296
38.15324247611829
37.575422861783345
37.5565679741708
37.5549106544884
37.555198169366435
37.5147386035851
37.5136675311432
37.5060901887869
37.5001229935524
37.6616951014292
37.6616951014292
37.6485426057036
37.6013314943058
37.6034399441573
37.5946168
37.55224917071854
37.55106994644599
37.55224917071854
37.50172273824789
37.50172273824789
37.5639252200088
37.5570612340721
37.5789794286702
37.5756528679359
37.57650192060523
37.586184843586
37.586307417971
37.5827177871438
37.4348416074327
37.4099786929932
37.4197447108146
37.5271859663193
37.506268270041645
37.496832915886
37.5605464139303
37.5605464139303
37.5508604719985
37.55015818096496
37.55015818096496
37.5586706544623
37.5243205724172
37.52649127416921
37.5011880
37.5545053994984
37.5240697372723
37.522263777743
37.522263777743
37.6066060557557
37.4834655780476
37.463533689681
37.5459183335957
37.4793685687988
37.4701332061395
37.48457681195669
37.4858209598598
37.4741680965916
37.6472405495883
37.5667375952259
37.5165549067037
37.5180645153714
37.5280222216231
37.5175896160139
37.5176981927838
37.5169884752677
37.5123888716808
37.5243018
37.56431622430475
37.516555845645
37.520545914262
37.5198004225858
37.53017178771259
37.5680808809647
37.54074767932927
37.5395022981404
37.5359082442021
37.534136980765595
37.522263777743
37.5255796429707
37.5478143116047
37.5428544395939
37.5471076309493
37.5455670453722
37.5462087395192
37.5465363146722
37.6455183129552
37.55147044344215
37.54796087622509
37.5057057
37.5263188856523
37.5158056485757
37.5271469489465
37.525872071029134
37.5250892160129
37.52638860108943
37.5258272783362
37.5258272783362
37.5249096336581
37.5261349157513
37.51832644177245
37.52638860108943
37.5168292131733
37.5322635522863
37.485314358615625
37.6072830
37.6058394490586
37.498355182843675
37.5006744185994
37.4931611405226
37.6088416164423
37.60622745935512
37.572178991009
37.5798925701536
37.567598404437
37.5621542536479
37.564332600526484
37.6192032466353
37.6192032466353
37.625223170852
37.4851845133315
37.580786747178536
37.5732290382485
37.5685600160244
37.5767530396234
37.53918401751
37.4600830526098
37.46562025023805
37.5527720072064
37.5585738893125
37.5518561317391
37.5595658705687
37.4746129665919
37.4799415284768
37.4850308735516
37.48776595584256
37.4900155481155
37.4934286455739
37.5202383044709
37.5303776335575
37.5250775487636
37.5372233211168
37.51272455496167
37.492790729246835
37.52585220719
37.5084535842649
37.5263617665219
37.5258305311402
37.5184691608148
37.5184691608148
37.521802898084594
37.5156836953862
37.5183828597645
37.5220896758716
37.5259906846013
37.5325967389769
37.5330609451158
37.5320462637671
37.5330609451158
37.5541715393096
37.5898112857334
37.4923449492704
37.47922106107729
37.48041038415009
37.502670287177715
37.5085304130235
37.5075151094836
37.502670287177715
37.5013563840083
37.5034966914036
37.5070185614432
37.5042736337075
37.5021388575469
37.4963602230015
37.48885919620487
37.4981540920437
37.4981540920437
37.48885919620487
37.49486893998298
37.49439720933549
37.4958804105469
37.49439720933549
37.4958804105469
37.5070486862424
37.5274778746815
37.5280674935123
37.5243458556693
37.5245340839144
37.52544589555149
37.5646186665684
37.6309461344873
37.5415662783673
37.6676696669963
37.6644476706179
37.4925939071934
37.4919675365056
37.6764092949232
37.5205340628851
37.5348516200866
37.5306119893895
37.5411502223418
37.52358974383384
37.51455377089724
37.51455377089724
37.48907179365075
37.48907179365075
37.6184526870359
37.5887084341825
37.48646684327
37.48646684327
37.5626355479095
37.541886987541496
37.561268363317176
37.5975430443335
37.596274142656114
37.5518443152616
37.5415853568029
37.5455856974729
37.5688941159888
37.562122776762756
37.6418708757138
37.5777512703259
37.5623519118437
35.21339044178825
37.584550776281446
37.57366797492471
37.579138483604
37.5762616
37.536766651881294
37.5459208341409
37.5345613066561
37.55127433407266
37.52186591898916
37.5456527657404
37.53242563258956
37.52241291408466
37.5300763645794
37.5262598381925
37.5300127759436
37.5338499069456
37.629614178153204
37.4650932
37.4650932
37.4628443
37.56785046661765
37.5970099681642
37.47087527804635
37.4725028904244
37.4822116119896
37.4752100452811
37.4930681306033
37.4932517585565
37.6369121563484
37.6428782606235
37.65888882945633
37.640718728871
37.55038588189646
37.553103395588
37.5544696115285
37.5544696115285
37.54881618721654
37.57395881968132
38.0820333
37.55522778434594
37.654399193301124
37.5759099369174
37.480197293718
37.61793485584529
37.62885738377402
37.62885738377402
37.6570661002375
37.5264790176383
37.5298949088375
37.5235858664592
37.53495555930984
37.5356150640939
37.6327671927647
37.624455582268
37.63923308207757
37.632488446737376
37.62156688294982
37.621794207284225
37.6231400752373
37.6332775453974
37.6332775453974
37.610368988394406
37.610368988394406
37.6018044172918
37.6018044172918
37.57484025247122
37.572784238782084
37.56825003712418
37.5631939895966
37.57484025247122
37.572784238782084
37.5757117630925
37.5757117630925
37.5757117630925
37.57484025247122
37.572784238782084
37.57795700547733
37.58021209838235
37.57981759547889
37.57981759547889
37.58186636823441
37.583391024966616
37.6154357983398
37.6158643442172
37.5347900726834
37.5367444105215
37.5398652255725
37.479588090054605
37.509502398945024
37.587945367455426
37.4873698
37.4873698
37.623934548967014
37.623934548967014
37.467620273286
37.4744903984208
37.4676287791702
37.49741836284779
37.49741836284779
37.6829514213413
37.6329882835659
37.4863471327994
37.4869842523157
37.4864225635849
37.4855998819602
37.6285242467996
37.5926562545534
37.64292139966376
37.6304672142618
37.60265583994833
37.60281743572421
37.60281743572421
37.633465959889904
37.6057504431193
37.58865705421018
37.6506706781383
37.56367672304063
37.5651511309814
37.56629149790628
37.56629149790628
37.5666405038268
37.5675648750432
37.5694406753062
37.566035517712955
37.636494321469634
37.526321934683494
37.5493647423555
37.5545369280771
37.594388495081
37.5984928632876
37.5900986203971
37.37883659671773
37.7447254723832
37.6932920335997
37.7380566430654
37.536604160773
37.556814718869
37.562544705628845
37.6002746471855
37.5964581806876
37.6029774809514
37.6143308494494
37.49988350166646
37.4867995957995
37.520395307212
37.51766013568054
37.5230432663189
37.5178303961748
37.5172404421072
37.5397580614249
37.5397580614249
37.5345252050511
37.6014938773992
37.5761478092222
37.4898464
37.562544705628845
37.6319635993545
37.630557679409435
37.630557679409435
37.57189803811425
37.585222429288
37.4462920026041
37.4494502813442
37.4629097154193
37.6871603
37.6223136091401
37.695820009775
37.4918786250838
37.490746812543
37.4918786250838
37.490746812543
37.4839886684666
37.4835651709641
37.4237877672282
37.650408268092
37.4839168247028
37.4756022349708
37.4722923311852
37.5389618123245
35.5000554449115
37.5321911032688
37.5365247873189
37.6574716
37.5912289905871
37.51389234289653
37.5076807262772
37.5173715949209
37.511909958589804
37.5120906501273
37.511909958589804
37.5207124124456
37.5235692080104
37.5196636269093
37.5324690380456
37.50991803073123
37.5116263587296
37.51293085517571
37.51331105877401
37.5284146301943
37.5238347740296
37.51613546843668
37.5092141277711
37.5128899169357
37.6168843585685
37.526321934683494
37.5048990621814
37.5048990621814
37.5807896774528
37.5723527030962
37.578886358495765
37.577814632232
37.5800804978949
37.5520758848248
37.61723993967293
37.616169205568
37.6127701234675
37.4762376873655
37.48391283283469
37.4786316933099
37.4826206783394
37.55787190778143
37.558178171371
37.5718728602355
37.5616038910656
37.5616038910656
37.5383160189101
37.4819858151725
37.5775752791107
37.58633820760822
37.5854535215831
37.5849015074077
37.533849010594054
37.5295871721992
37.544290866571124
37.5441295338349
37.5658589281598
37.5682583018423
37.6021719603678
37.6133765955324
37.6047447487254
37.608701225334755
37.4266553800126
37.57494148278842
37.57353589520163
37.5087636670411
37.6531818345597
37.62955545843985
37.57817349658033
37.586310569956574
37.5829422063608
37.57817349658033
37.5077548
37.57395881968132
37.480108340110675
37.57005775552654
37.5715557705386
37.570420844523
37.5705616588662
37.5700929973642
37.57097610838373
37.57350424298736
37.57350424298736
37.5967050575405
37.60304226787504
37.604713247072375
37.6036056943842
37.5145906150942
37.5176582566988
37.65428493069629
37.4496235
37.641924461169296
37.6397141162325
37.6426805348939
37.6450921230569
37.6506706781383
37.656687071881976
37.64809606724297
37.65689318511727
37.5631681679306
37.5705190276005
37.5593171058351
37.56592206115955
37.5655638710672
37.5638077703663
37.5736099249817
37.5750686005565
37.5668417606122
37.5658899262174
37.5711282880022
37.6182390801576
37.613328616188035
37.5924781095689
37.5897928353235
37.61524044821545
37.6067308485682
37.5738322760734
37.60653242653381
37.6065432383975
37.6069053286951
37.61535603324642
37.6165829363478
37.5896133922662
37.5896133922662
37.606400138876566
37.5968221299289
37.5661087807112
37.56361812722828
37.5647984672211
37.5320860
37.4857498913287
37.4857498913287
37.5727787950342
37.57216601228331
37.5383160189101
37.504877390232885
37.50688509079748
37.530448536566894
37.56737408602461
37.64382875258708
37.6369517309036
37.6324698513355
37.63764734205677
37.59812120607576
37.6025526943256
37.5845534898844
37.5801434894531
37.5769009716469
37.5880632478519
37.583746353282
37.5823801029507
37.578125413815805
37.5710847481315
37.64292139966376
37.64292139966376
37.638037472559056
37.6423401494097
37.562402171337425
37.4973091
37.610293739494516
37.6087643
37.50681892340246
37.6484116203165
37.6484116203165
37.6380920527833
37.6522376767618
37.5794165384496
37.58186010347371
37.6428733
37.579655957334666
37.6530005132105
37.6465607761093
37.6533385121404
37.654077772791304
37.65230856767046
37.6560248078886
37.6580476636666
37.66616680124523
37.65316029114047
37.644207293332194
37.6481963116548
37.65009626254373
37.64472964691871
37.6433507917513
37.6500406955854
37.6465949967056
37.58032424937554
37.58032424937554
37.57941474393655
37.65252574829169
37.5925193468208
37.6488050830694
37.54687202123837
37.5474480600663
37.5517585914215
37.5569792757261
37.5568827777813
37.5407769802315
37.5409785824701
36.757500292632194
37.48636569987004
37.48685558277736
37.5442673917129
37.546245622123834
37.5426306588775
37.54709832094176
37.5394298515321
37.5449885478155
37.5385695060779
37.5422905141771
37.5470950372188
37.4753532527387
37.4748942689094
37.5690775
37.5682832992186
37.5695777564658
37.5690659896734
37.5695432274874
37.56992388719649
37.5702153831086
37.5718675963494
37.5697000269385
37.569074693516065
37.44898005261383
37.426556014793626
37.4483547387397
37.4483547387397
37.5691469686793
37.569930619957226
37.5149837919084
37.637867244436585
37.5602101936978
37.5212868476563
37.5187759549912
37.526236648557955
37.5201571578704
37.524453508587335
37.5242371955534
37.51970680959235
37.59396455518687
37.580160149330815
37.4473512930957
37.6356667105723
37.5306610399175
37.6515010972812
37.5926312540331
37.5850927288408
37.6667198598863
37.54282534349354
37.6578161860931
37.6584744401871
37.5727594819018
37.562574335157535
37.79144074509299
37.5639084805755
37.5613965840169
37.5660161094843
37.5660161094843
37.47915335636237
37.5848323594939
37.5593867992873
37.55976328822766
37.5486818810254
37.51266138067201
37.465085326611664
37.669551861257695
37.5027838466566
37.4936874035386
37.4758661675797
37.49529921725153
37.514577700695945
37.47902359723798
37.5711665541042
37.63466067158966
37.6301539
37.6387325406583
37.599267063229
37.618459513199
37.4847384882994
37.4844360213008
37.508651435836725
37.530640035829
37.5888982698958
37.64217048420397
37.63716501759292
37.6740010123988
37.561320146600636
37.5612989120844
37.5625821164865
37.5622688846848
37.5627734397478
37.6427748075861
37.5115196517794
37.7595379
37.3888721666183
37.3978784090801
37.601590273158
37.5457763556899
37.38236914890097
37.5068365762856
37.5068365762856
37.5068365762856
37.4783086395744
38.0716318957896
37.513442553806314
37.48386840830555
37.538092
37.55125877492689
37.528833
37.5393939008774
37.5279817226075
37.5563949972272
37.559311690784995
37.6346323733777
37.63150923279862
37.6364765391858
37.51755292818579
37.51755292818579
37.530642
37.5319114473726
37.51755292818579
37.5392745653604
37.4526692411727
37.596825063994594
37.6036056943842
37.6028953346844
37.5455872961692
37.5231986637448
37.51434578734927
37.4968851977644
37.5250892160129
37.52638860108943
37.5195178349586
37.5571011570907
37.5178641354045
37.5224169077938
37.5281071
37.52316522406567
37.52638860108943
37.5256231678263
37.5397907743775
37.5199446941892
37.66894152341134
37.50963189625195
37.64898844354454
37.58045008365736
37.4819548379093
37.562569891004465
37.561935834136
37.5270787536836
37.5238347740296
37.5238347740296
37.5295297068723
37.5292345694785
37.5377915
37.5294289189437
37.5333069461662
37.52848944607946
37.52848944607946
37.5825624632779
37.58842461354086
37.5825624632779
37.5154126785182
37.664778183946666
37.5422706288952
37.634493488325745
37.58892463122479
37.564913673499
37.5566436823703
37.55960988897161
37.55960988897161
37.5566436823703
37.55960988897161
37.5219238
37.5219238
37.5491417080064
37.5491804412364
37.64634398903082
37.4856912115313
37.64634398903082
37.6242257298281
37.61367515102928
37.4928300876688
37.54991315995173
37.5573637818732
37.4612463436933
37.621975464005345
37.5974230485232
37.5678799742891
37.4661675706511
37.464848554996
37.464045210374
37.4653644311783
37.46559640881915
37.471510573460336
37.5779992857947
37.5782480533458
37.4590644075222
37.4857623
37.486518576733
37.4827991150713
37.52804910561481
37.52804910561481
37.51401629718259
37.5428792457638
37.4661265339048
37.6411514344244
37.5941633309614
37.5879039308662
37.585546989449
37.585546989449
37.58520281585621
37.585546989449
37.4714345
37.45029840142516
37.5642329919936
37.57540324238941
37.5568707448873
37.59396455518687
37.5777819223611
37.60759496019467
37.591588587024475
37.5916556183828
37.5916556183828
37.5815707615188
37.550874837441
37.5559412279911
37.5284819907038
37.5297906328147
37.5963205618103
37.5844103985275
37.5862234414667
37.5887953806088
37.5990387894222
37.6804863349419
37.6806420716159
37.5861567023354
37.6327441976933
37.6327441976933
37.6341954865877
37.55111917528004
37.54058097265443
37.5255512468868
37.5280350448288
37.55164210033049
37.55164210033049
37.53059573267
37.5348088173277
37.5416507925709
37.5541181035084
37.5361990847631
37.5334865689696
37.6193524
37.621583207547
37.61984245540276
37.6169861
37.548341826991226
37.4621360
37.483126943164656
37.4889349
37.5667938401715
37.5678707431526
37.5897962196601
37.5900458888743
37.5602889485062
37.4894496609502
37.47956027149199
37.5826488
37.5834826
37.5450822374747
37.5393087503306
37.54352897157971
37.5464459833497
37.5530331386082
37.5896570691394
37.5839276260158
37.58400668795913
37.5048549363641
37.5105419834425
37.6637076
37.5679801299516
37.571141513487
37.5441295338349
37.5783517
37.539817
37.539817
37.539817
37.624874
37.624874
37.5688389
37.5741987
37.5436386
37.389844
37.539817
37.5516561
37.5556222
37.6101425
37.6071788
37.6101425
37.5300930
37.5300930
37.5300930
37.5556222
37.5556222
37.5266122
37.5908231
37.6071788
37.6071788
37.6071788
37.6071788
37.4792158
37.4792158
37.4796083
37.5604315
37.5604315
37.5604315
37.4833840
37.4833840
37.4860075
37.4860075
37.5579428
37.5579428
37.5752555
37.5688389
37.4702386
37.4986505
37.5599737
37.5609211
37.5109886
37.5109886
37.5732247
37.5732247
37.5732247
37.5732247
37.5788643
37.5788643
37.5794478
37.5794478
37.6267213
37.6310371
37.6310371
37.6764203
37.4870424
37.6692752
37.6692752
37.6692752
37.6678067
37.6491161
37.6491161
37.5928595
37.5245060
37.4632417
37.4621134
37.4621134
37.5701779
37.6155475
37.5321012
37.5856385
37.6546006
37.6472774
37.6472774
37.6534424
37.6319635
37.4638230
37.531817
37.5488847